88187333
255462087
469278707
491147902
306739286
494958227
317871598
433317364
15311494
43035578
307972637
546943598
314623049
468517244
461017735
364021590
546924098
116016718
202645761
363855968
255160448
377543476
564127049
346398833
136128142
219035790
54278401
321574057
528940288
333080881
206631643
104357817
290273169
41874619
119422707
206630543
176593350
229125509
80033918
261564557
411212356
327172084
305715072
180347405
56844876
209901602
586437980
448329578
457353772
423908331
181684134
363855978
364021594
136128143
440425951
43055800
418126155
24706432
402929261
52203064
233333777
182894027
364837568
388772955
508801197
363855967
23290936
452710630
41363165
456841043
363821145
221515848
50508378
572187256
127649594
496132130
157967280
312841186
257519463
363855973
220772336
144848258
444933584
130730813
217505807
180332956
559370774
34581464
588719541
255487584
288728572
509665245
429780092
481698999
28920464
446037955
422371150
433133816
404475993
30794557
206631857
544168893
310661315
152164339_incomplete
214376131
455411217
189673783
364023375
444319214
395031252
251092860
556607139
224659301
378149475
27099913
217680410
461017736
391794433
31374648
75497667
156886202
301709163
56463099
363855966
50508483
177075398
251110755
127649606
44896148
95551586
471969044
434901397
546361667
431481498
518296717
43666752
211780685
256850939
255462084
551331553
132613254
28920487
255267686
259656738
235506774
166725208
235713309
126381588
313032760
134714701
539427166
101881731
23289025
314623066
341600327
492117055
186123785
156360956
278577443
33583159
290269292
391794430
557143501
27094261
395308824
158768955
288859978
364021598
315685509
371660154
495926981
588786395
470413148
43055418
317531114
27292693
446898797
226833218
156352860
234753663
308307120
386912747
259601056
54884689
284469844
137007454
264843169
28815732
418127019
159269575
417133000
366446718
393694776
23365820
495972899
304720518
206196610
557334727
209901592
126381586
54060006
226141664
503570914
470310711
461017734
153028544
154221773
176329920
364021593
156352855
418297194
162450366
470707782
402792787
493535535
156352858
409100585
156359105
44635204
180348751
285596127
256728299
159860886
364021645
182312368
402492112
50508304
405051029
55848090
588693269
467670221
159844816
333080879
303813581
471844220
159860891
236399113
309309707
363821164
447327113
157756975
139146552
226833224
290273167
184330134
175484438
319926728
56844815
259651368
147397541
468787720
31374858
313032759
328839921
258998102
461017732
238131051
343224426
531053172
495269744
481674231
364021639
363025783
176593348
458810893
436198487
43482079
313031581
224659159
23655368
24833427
44634948
30528265
495972968
175934755
308307124
317614424
319341287
313032023
469222453
231771817
363847343
256850936
433133817
179776749
221488777
317614423
264160545
274716780
322784130
280005915
468921229
126381594
412178612
224656352
339841242
373229508
176593349
447781482
156359109