95551586
229125509
469222453
481674231
27099913
493535535
305715072
423908331
156352855
41363165
274716780
551331553
28815732
461017735
461017732
339841242
549411950
116016718
187458237
328839921
226141664
363855973
576848806
317531114
136128144
203436248
544168893
307972637
531053172
313032753
187779920
104357817
264843162
402929261
119422952
187770720
177075398
208495589
88187333
238131051
397174539
312841186
27099911
180348757
588786395
191987952
71290777
441843178
44896148
405875567
182887208
333080881
341600327
137007455
43055418
418126155
401997488
220772336
378149475
528940288
209916719
182894050
351595796
364021594
508801197
327172084
209916716
444933584
399001279
446898797
31778898
206212194
50508304
62050270
127649594
495972968
159844816
280005915
233913205
333080879
204769085
151179182
432343792
132613254
202645761
180348751
572187256
315685509
75497667
23289018
259601056
509665245
412178612
480761236
259651368
433133816
405051029
419967624
386442953
274465245
187779925
546361667
279671257
15311494
202645760
44635188
186123785
346398833
431481498
364715755
221515848
56463099
206630543
363855980
251382210
202782199
461017733
364021639
287431679
83533038
159189383
265891023
586437980
321568625
50508378
180332956
223631877
130730813
444319214
95685219
471844220
426609126
548420990
418127019
518398476
429780092
202049019
233913162
226833224
564127049
134714700
259656738
226833218
237054156
216816822
166725208
217505807
126381588
285596127
136128143
54060006
101881731
209901592
288728572
314623066
481698999
184330084
158768955
255462084
313032759
263216146
364021598
56844815
251110755
366446718
159860886
259651363
343224426
290269292
363847343
495269744
79875403
470310711
417133000
290273169
252409022
436198487
206631857
156360956
214838404
277994505
364021593
235713309
55848090
256728299
139146552
24833427
258998102
402492112
159935968
401889261
363821145
364023375
211896820
495926981
27081537
187477848
56844876
190423072
126381586
54278401
206631643
496132130
469246814
46088557
154217854
156352860
175934755
341043279
156359105
402792787
166290777
470413148
377543476
491147902
156359109
395308834
156886202
43482079
181684134
257800584
23289025
162450366
34581464
182887284
374425437
503570914
386912747
570594317
72370074
461017734
160704716
313032023
265891094
470707782
163314900
219041284
278577443
317871598
43897084
159269575
147397541
208069173
264160545
183010839
170836057
30794556
588719541
23655368
152582726
461017736
28747556
28460666
313031581
235506774
457353772
220063123
314624239
534389190
494958227
480480976
345002836
317614426
176329920
455410964
427489763
425214705
28344927
206212198
219374120
221488777
433133817
27094261
495972899
175484438
278079048
303813581
306739286
284469844
468921229
209723367
319926728
233333777
422371150
180347405
204907608
296867217
23974996
255160448
308307124
255477273
468787720
126381594
399001272
206212195
313626777
363855967
176593349
43898328
157756975